#Fitness:-0.417381, A: 37456.6, E: 81646, NS: 1.5901, yinf: 0.236859
#Time,Temp,Exp,Model
0,294.17,1,1
9,294.17,0.9999,1
19,294.17,0.9998,1
28,294.16,0.9996,1
38,294.16,0.9995,1
47,294.15,0.9993,1
57,294.17,0.999,1
66,294.17,0.9988,1
76,294.16,0.9986,1
85,294.17,0.9982,1
95,294.17,0.9978,1
104,294.19,0.9973,1
114,294.21,0.997,1
123,294.23,0.9965,1
133,294.26,0.9961,1
142,294.29,0.9957,1
152,294.35,0.9952,1
161,294.41,0.9948,1
171,294.49,0.9944,1
180,294.57,0.9941,1
190,294.68,0.9937,1
199,294.82,0.9934,1
209,294.96,0.993,1
218,295.14,0.9927,1
228,295.32,0.9924,1
237,295.54,0.9922,1
247,295.77,0.9918,1
256,296.05,0.9916,1
266,296.37,0.9914,1
275,296.7,0.9914,1
285,297.05,0.9912,1
294,297.43,0.9914,1
304,297.83,0.9913,1
313,298.28,0.9917,1
323,298.77,0.9915,1
332,299.3,0.9917,1
342,299.85,0.9917,1
351,300.42,0.9922,1
361,301.03,0.9922,1
370,301.69,0.9924,1
380,302.37,0.9925,1
389,303.06,0.9929,1
399,303.8,0.993,1
408,304.56,0.993,1
418,305.33,0.9931,1
427,306.15,0.9931,1
437,307,0.9933,1
446,307.86,0.9936,1
456,308.75,0.9933,1
465,309.66,0.9934,1
475,310.6,0.9935,1
484,311.56,0.9934,1
494,312.52,0.9935,1
503,313.48,0.9934,1
513,314.41,0.993,1
522,315.38,0.9929,0.999999
532,316.35,0.9925,0.999999
541,317.32,0.9922,0.999999
551,318.31,0.9917,0.999999
560,319.3,0.9916,0.999999
570,320.3,0.9912,0.999999
579,321.32,0.9909,0.999999
589,322.32,0.9903,0.999999
598,323.34,0.99,0.999999
608,324.37,0.9894,0.999999
617,325.4,0.989,0.999999
627,326.42,0.9885,0.999999
636,327.47,0.988,0.999999
646,328.51,0.9875,0.999999
655,329.55,0.987,0.999999
665,330.61,0.9865,0.999998
674,331.64,0.9859,0.999998
684,332.65,0.9853,0.999998
693,333.65,0.9846,0.999998
703,334.66,0.984,0.999998
712,335.67,0.9833,0.999998
722,336.68,0.9826,0.999998
731,337.7,0.9822,0.999998
741,338.71,0.9815,0.999997
750,339.72,0.9811,0.999997
760,340.74,0.9804,0.999997
769,341.75,0.9798,0.999997
779,342.78,0.9791,0.999997
788,343.78,0.9786,0.999996
798,344.82,0.9784,0.999996
807,345.84,0.9778,0.999996
817,346.88,0.9773,0.999996
826,347.91,0.977,0.999995
836,348.91,0.9766,0.999995
845,349.89,0.9762,0.999995
855,350.88,0.9758,0.999994
864,351.87,0.9752,0.999994
874,352.85,0.9747,0.999993
883,353.85,0.9744,0.999993
893,354.83,0.9741,0.999993
902,355.8,0.9736,0.999992
912,356.77,0.9733,0.999992
921,357.78,0.9731,0.999991
931,358.75,0.9728,0.999991
940,359.71,0.9725,0.99999
950,360.69,0.9725,0.999989
959,361.69,0.9722,0.999989
969,362.65,0.9719,0.999988
978,363.64,0.9716,0.999987
988,364.61,0.9715,0.999986
997,365.57,0.9714,0.999986
1007,366.53,0.9714,0.999985
1016,367.48,0.9712,0.999984
1026,368.42,0.9711,0.999983
1035,369.38,0.9709,0.999982
1045,370.32,0.971,0.99998
1054,371.27,0.9708,0.999979
1064,372.22,0.9707,0.999978
1073,373.17,0.9704,0.999977
1083,374.12,0.9704,0.999975
1092,375.07,0.9704,0.999974
1102,376.03,0.9703,0.999972
1111,376.96,0.9703,0.999971
1121,377.91,0.9701,0.999969
1130,378.85,0.9699,0.999967
1140,379.81,0.9699,0.999965
1149,380.74,0.9698,0.999963
1159,381.66,0.9697,0.999961
1168,382.57,0.9698,0.999959
1178,383.49,0.9696,0.999957
1187,384.41,0.9695,0.999954
1197,385.32,0.9696,0.999951
1206,386.23,0.9694,0.999949
1216,387.16,0.9693,0.999946
1225,388.07,0.9693,0.999943
1235,388.98,0.9695,0.99994
1244,389.91,0.9692,0.999936
1254,390.82,0.9693,0.999933
1263,391.75,0.9693,0.999929
1273,392.66,0.9692,0.999925
1282,393.59,0.9693,0.999921
1292,394.51,0.9695,0.999917
1301,395.44,0.9693,0.999912
1311,396.36,0.969,0.999907
1320,397.26,0.9692,0.999903
1330,398.17,0.969,0.999897
1339,399.05,0.9689,0.999892
1349,399.96,0.9688,0.999886
1358,400.86,0.9688,0.99988
1368,401.75,0.9689,0.999874
1377,402.65,0.9688,0.999867
1387,403.56,0.969,0.99986
1396,404.44,0.9689,0.999853
1406,405.35,0.9689,0.999845
1415,406.25,0.9688,0.999837
1425,407.14,0.9688,0.999829
1434,408.04,0.9686,0.99982
1444,408.93,0.9687,0.999811
1453,409.85,0.9685,0.999801
1463,410.73,0.9685,0.999791
1472,411.63,0.9684,0.999781
1482,412.52,0.9684,0.999769
1491,413.4,0.9684,0.999758
1501,414.27,0.9683,0.999745
1510,415.15,0.9683,0.999733
1520,416.03,0.9683,0.999719
1529,416.9,0.9682,0.999706
1539,417.79,0.9685,0.999691
1548,418.66,0.9683,0.999677
1558,419.52,0.9683,0.99966
1567,420.42,0.968,0.999644
1577,421.29,0.9679,0.999626
1586,422.15,0.968,0.999609
1596,423.04,0.968,0.999589
1605,423.92,0.9678,0.99957
1615,424.8,0.9679,0.999549
1624,425.68,0.9678,0.999528
1634,426.56,0.9677,0.999505
1643,427.42,0.9676,0.999483
1653,428.28,0.9676,0.999457
1662,429.14,0.9677,0.999433
1672,430,0.9676,0.999405
1681,430.87,0.9676,0.999378
1691,431.74,0.9675,0.999348
1700,432.62,0.9675,0.999319
1710,433.48,0.9674,0.999286
1719,434.35,0.9673,0.999255
1729,435.21,0.9671,0.999219
1738,436.07,0.967,0.999186
1748,436.94,0.967,0.999147
1757,437.82,0.967,0.99911
1767,438.68,0.9671,0.999068
1776,439.56,0.967,0.999028
1786,440.41,0.9668,0.998982
1795,441.27,0.9666,0.998939
1805,442.12,0.9668,0.998889
1814,442.98,0.9665,0.998843
1824,443.84,0.9666,0.998789
1833,444.7,0.9665,0.998738
1843,445.54,0.9666,0.99868
1852,446.39,0.9665,0.998626
1862,447.25,0.9664,0.998562
1871,448.1,0.9663,0.998503
1881,448.94,0.9662,0.998435
1890,449.79,0.9661,0.998371
1900,450.63,0.9661,0.998298
1909,451.46,0.9659,0.998229
1919,452.31,0.9658,0.998149
1928,453.16,0.9656,0.998075
1938,454.01,0.9654,0.997989
1947,454.86,0.9653,0.997909
1957,455.67,0.9654,0.997816
1966,456.51,0.9651,0.997729
1976,457.33,0.9652,0.997629
1985,458.17,0.9651,0.997536
1995,459,0.9651,0.997428
2004,459.82,0.9649,0.997328
2014,460.66,0.9647,0.997212
2023,461.51,0.9646,0.997104
2033,462.34,0.9645,0.996979
2042,463.19,0.9644,0.996863
2052,464.01,0.9641,0.996728
2061,464.85,0.964,0.996603
2071,465.69,0.9639,0.996459
2080,466.54,0.9638,0.996324
2090,467.37,0.9636,0.996169
2099,468.22,0.9636,0.996025
2109,469.06,0.9634,0.995858
2118,469.88,0.9633,0.995703
2128,470.71,0.9632,0.995524
2137,471.53,0.9631,0.995358
2147,472.36,0.9629,0.995166
2156,473.2,0.9627,0.994987
2166,474.01,0.9625,0.994782
2175,474.84,0.9625,0.99459
2185,475.66,0.9622,0.99437
2194,476.5,0.9622,0.994164
2204,477.33,0.9621,0.993928
2213,478.17,0.9619,0.993709
2223,479.01,0.9615,0.993456
2232,479.85,0.9614,0.993221
2242,480.68,0.9612,0.992951
2251,481.52,0.961,0.992699
2261,482.36,0.9607,0.99241
2270,483.19,0.9604,0.992141
2280,484.02,0.9601,0.991832
2289,484.85,0.96,0.991544
2299,485.66,0.9599,0.991214
2308,486.48,0.9595,0.990907
2318,487.33,0.9593,0.990555
2327,488.15,0.9591,0.990227
2337,488.99,0.9589,0.989851
2346,489.81,0.9587,0.989502
2356,490.64,0.9583,0.9891
2365,491.48,0.9579,0.988728
2375,492.3,0.9575,0.9883
2384,493.14,0.9572,0.987903
2394,493.98,0.9569,0.987447
2403,494.81,0.9567,0.987024
2413,495.64,0.9563,0.986539
2422,496.48,0.9561,0.986088
2432,497.32,0.9559,0.985572
2441,498.14,0.9555,0.985092
2451,498.96,0.9551,0.984543
2460,499.79,0.9546,0.984033
2470,500.62,0.9542,0.983449
2479,501.45,0.954,0.982908
2489,502.29,0.9535,0.982287
2498,503.11,0.9531,0.981712
2508,503.95,0.9527,0.981053
2517,504.78,0.9523,0.980442
2527,505.61,0.9518,0.979742
2536,506.44,0.9513,0.979094
2546,507.29,0.9508,0.978352
2555,508.12,0.9502,0.977665
2565,508.97,0.9498,0.976878
2574,509.8,0.9494,0.97615
2584,510.63,0.9487,0.975316
2593,511.46,0.9481,0.974545
2603,512.29,0.9475,0.973662
2612,513.13,0.9468,0.972845
2622,513.95,0.9464,0.971911
2631,514.79,0.9456,0.971047
2641,515.61,0.9448,0.970059
2650,516.44,0.9441,0.969145
2660,517.27,0.9433,0.968101
2669,518.1,0.9427,0.967135
2679,518.92,0.942,0.966033
2688,519.75,0.9413,0.965013
2698,520.58,0.9407,0.963849
2707,521.41,0.9397,0.962772
2717,522.23,0.9391,0.961544
2726,523.06,0.9383,0.960409
2736,523.88,0.9373,0.959114
2745,524.7,0.9364,0.957917
2755,525.5,0.9354,0.956553
2764,526.32,0.9345,0.955292
2774,527.13,0.9334,0.953855
2783,527.95,0.9323,0.952529
2793,528.77,0.9314,0.951017
2802,529.57,0.9303,0.949622
2812,530.39,0.9294,0.948032
2821,531.2,0.9284,0.946565
2831,532.02,0.9272,0.944895
2840,532.83,0.926,0.943354
2850,533.66,0.9249,0.9416
2859,534.47,0.9236,0.939983
2869,535.3,0.9226,0.938143
2878,536.12,0.9214,0.936447
2888,536.93,0.9201,0.934518
2897,537.75,0.9187,0.93274
2907,538.57,0.9175,0.930719
2916,539.37,0.9163,0.928858
2926,540.2,0.9148,0.926742
2935,541.01,0.9134,0.924794
2945,541.84,0.9118,0.922581
2954,542.65,0.9103,0.920544
2964,543.48,0.9086,0.918231
2973,544.3,0.9069,0.916103
2983,545.13,0.9053,0.913688
2992,545.94,0.9036,0.911467
3002,546.77,0.9019,0.908947
3011,547.6,0.9003,0.906631
3021,548.41,0.8984,0.904003
3030,549.24,0.8966,0.90159
3040,550.08,0.8946,0.898853
3049,550.9,0.8927,0.896341
3059,551.71,0.8906,0.893493
3068,552.53,0.8883,0.89088
3078,553.35,0.8863,0.887919
3087,554.16,0.8839,0.885204
3097,554.97,0.8817,0.882129
3106,555.77,0.8794,0.879309
3116,556.6,0.8773,0.876119
3125,557.4,0.8748,0.873195
3135,558.21,0.8725,0.869887
3144,559.01,0.87,0.866858
3154,559.81,0.8672,0.863432
3163,560.63,0.8644,0.860297
3173,561.43,0.8616,0.856753
3182,562.22,0.8591,0.853511
3192,563.03,0.8564,0.849849
3201,563.82,0.8535,0.8465
3211,564.62,0.8505,0.84272
3220,565.41,0.8475,0.839264
3230,566.22,0.8445,0.835366
3239,567.02,0.8415,0.831805
3249,567.82,0.8386,0.82779
3258,568.63,0.8353,0.824124
3268,569.47,0.8318,0.819993
3277,570.26,0.8286,0.816223
3287,571.07,0.825,0.811978
3296,571.9,0.8215,0.808106
3306,572.71,0.818,0.803748
3315,573.53,0.8146,0.799776
3325,574.34,0.8106,0.795308
3334,575.15,0.807,0.791239
3344,575.95,0.803,0.786664
3353,576.74,0.7991,0.782499
3363,577.53,0.7951,0.77782
3372,578.3,0.7909,0.773563
3382,579.07,0.7869,0.768784
3391,579.82,0.7826,0.764439
3401,580.57,0.7782,0.759564
3410,581.33,0.774,0.755134
3420,582.07,0.7696,0.750167
3429,582.81,0.7652,0.745657
3439,583.56,0.7606,0.740603
3448,584.31,0.7562,0.736017
3458,585.09,0.7518,0.730882
3467,585.87,0.7474,0.726226
3477,586.68,0.7429,0.721015
3486,587.49,0.7382,0.716293
3496,588.31,0.7334,0.711012
3505,589.14,0.7286,0.706231
3515,589.97,0.7237,0.700887
3524,590.82,0.7189,0.696051
3534,591.65,0.714,0.690651
3543,592.5,0.7091,0.685768
3553,593.35,0.7041,0.680318
3562,594.2,0.6991,0.675394
3572,595.04,0.6939,0.669902
3581,595.88,0.6888,0.664943
3591,596.71,0.6835,0.659417
3600,597.54,0.6782,0.65443
3610,598.37,0.6732,0.648877
3619,599.19,0.6679,0.64387
3629,600.02,0.6625,0.638298
3638,600.83,0.6572,0.633277
3648,601.63,0.6518,0.627694
3657,602.42,0.6463,0.622667
3667,603.22,0.6408,0.617081
3676,603.99,0.6353,0.612055
3686,604.77,0.6299,0.606474
3695,605.54,0.6245,0.601456
3705,606.33,0.6189,0.595888
3714,607.11,0.6132,0.590886
3724,607.89,0.6076,0.585339
3733,608.68,0.6021,0.580359
3743,609.48,0.5963,0.574842
3752,610.26,0.5907,0.569892
3762,611.08,0.5847,0.564411
3771,611.88,0.5787,0.559498
3781,612.7,0.5728,0.554061
3790,613.5,0.5667,0.549191
3800,614.31,0.5605,0.543806
3809,615.12,0.554,0.538986
3819,615.91,0.5475,0.53366
3828,616.73,0.5412,0.528895
3838,617.52,0.5344,0.523635
3847,618.32,0.5276,0.518932
3857,619.13,0.5208,0.513743
3866,619.92,0.5138,0.509108
3876,620.7,0.5068,0.503998
3885,621.49,0.4998,0.499435
3895,622.29,0.4926,0.494409
3904,623.07,0.4854,0.489924
3914,623.86,0.4778,0.484987
3923,624.65,0.4706,0.480584
3933,625.44,0.4632,0.475741
3942,626.22,0.4556,0.471425
3952,627.02,0.4483,0.46668
3961,627.81,0.441,0.462455
3971,628.61,0.4334,0.457812
3980,629.4,0.4261,0.453681
3990,630.19,0.4189,0.449144
3999,630.99,0.4118,0.44511
4009,631.79,0.4048,0.440682
4018,632.58,0.3978,0.436747
4028,633.38,0.3913,0.432432
4037,634.17,0.385,0.428598
4047,634.98,0.3788,0.424397
4056,635.78,0.3729,0.420667
4066,636.59,0.3674,0.416582
4075,637.38,0.3624,0.412957
4085,638.2,0.3574,0.408989
4094,638.99,0.3532,0.40547
4104,639.79,0.349,0.40162
4113,640.6,0.3452,0.398209
4123,641.41,0.3419,0.394478
4132,642.2,0.3388,0.391173
4142,643.01,0.3358,0.387561
4151,643.82,0.3334,0.384364
4161,644.62,0.3312,0.380871
4170,645.42,0.3294,0.377781
4180,646.23,0.3276,0.374407
4189,647.03,0.3261,0.371423
4199,647.84,0.3247,0.368166
4208,648.64,0.3237,0.365288
4218,649.44,0.3226,0.362148
4227,650.23,0.3218,0.359374
4237,651.03,0.3211,0.35635
4246,651.84,0.3202,0.353679
4256,652.62,0.3193,0.350769
4265,653.41,0.3185,0.348199
4275,654.2,0.3179,0.345401
4284,655,0.3172,0.342932
4294,655.79,0.3167,0.340243
4303,656.57,0.316,0.337872
4313,657.36,0.3154,0.335291
4322,658.16,0.3148,0.333015
4332,658.95,0.3141,0.33054
4341,659.73,0.3136,0.328358
4351,660.53,0.3129,0.325986
4360,661.31,0.3122,0.323896
4370,662.11,0.3118,0.321623
4379,662.9,0.3113,0.319623
4389,663.68,0.3106,0.317448
4398,664.47,0.3102,0.315534
4408,665.25,0.3095,0.313454
4417,666.04,0.3087,0.311624
4427,666.83,0.3083,0.309636
4436,667.62,0.3078,0.307887
4446,668.41,0.3073,0.305989
4455,669.2,0.3066,0.304319
4465,669.99,0.306,0.302507
4474,670.77,0.3053,0.300913
4484,671.57,0.3048,0.299184
4493,672.36,0.3044,0.297664
4503,673.15,0.3039,0.296016
4512,673.94,0.3033,0.294567
4522,674.72,0.3028,0.292996
4531,675.51,0.3023,0.291616
4541,676.28,0.3014,0.290119
4550,677.07,0.3007,0.288805
4560,677.86,0.3002,0.28738
4569,678.65,0.2996,0.286129
4579,679.43,0.2992,0.284773
4588,680.22,0.2985,0.283583
4598,681,0.2979,0.282293
4607,681.79,0.2976,0.281161
4617,682.57,0.2971,0.279935
4626,683.36,0.2965,0.278859
4636,684.14,0.2961,0.277694
4645,684.94,0.2955,0.276671
4655,685.73,0.295,0.275564
4664,686.53,0.2945,0.274592
4674,687.31,0.294,0.273541
4683,688.09,0.2935,0.272618
4693,688.87,0.2928,0.27162
4702,689.67,0.2924,0.270744
4712,690.46,0.2918,0.269796
4721,691.24,0.291,0.268965
4731,692.02,0.2904,0.268066
4740,692.8,0.29,0.267278
4750,693.58,0.2895,0.266425
4759,694.38,0.2891,0.265677
4769,695.17,0.2885,0.264868
4778,695.95,0.2879,0.264159
4788,696.74,0.2874,0.263391
4797,697.52,0.287,0.262719
4807,698.3,0.2866,0.261992
4816,699.09,0.286,0.261355
4826,699.88,0.2854,0.260665
4835,700.67,0.2848,0.260061
4845,701.44,0.2842,0.259408
4854,702.23,0.2838,0.258836
4864,703,0.2835,0.258217
4873,703.79,0.283,0.257675
4883,704.57,0.2825,0.257089
4892,705.35,0.282,0.256576
4902,706.15,0.2816,0.256021
4911,706.92,0.2811,0.255534
4921,707.71,0.2807,0.255009
4930,708.49,0.2803,0.254548
4940,709.27,0.28,0.254051
4949,710.04,0.2794,0.253615
4959,710.84,0.279,0.253143
4968,711.61,0.2784,0.252731
4978,712.39,0.278,0.252284
4987,713.17,0.2774,0.251894
4997,713.95,0.2769,0.251471
5006,714.73,0.2765,0.251101
5016,715.51,0.2761,0.250702
5025,716.28,0.2759,0.250352
5035,717.08,0.2756,0.249973
5044,717.86,0.2751,0.249642
5054,718.64,0.2747,0.249284
5063,719.42,0.2744,0.24897
5073,720.21,0.2741,0.248631
5082,720.98,0.2738,0.248335
5092,721.77,0.2733,0.248014
5101,722.55,0.2729,0.247733
5111,723.34,0.2725,0.24743
5120,724.12,0.2719,0.247164
5130,724.91,0.2718,0.246877
5139,725.68,0.2716,0.246625
5149,726.46,0.2713,0.246353
5158,727.23,0.271,0.246115
5168,728.02,0.2707,0.245858
5177,728.8,0.2703,0.245633
5187,729.59,0.2699,0.24539
5196,730.36,0.2696,0.245177
5206,731.14,0.2694,0.244946
5215,731.92,0.2692,0.244745
5225,732.69,0.2688,0.244527
5234,733.48,0.2685,0.244336
5244,734.26,0.2681,0.244129
5253,735.05,0.2678,0.243949
5263,735.82,0.2675,0.243754
5272,736.6,0.2671,0.243583
5282,737.38,0.2669,0.243398
5291,738.15,0.2667,0.243236
5301,738.92,0.2665,0.243061
5310,739.72,0.2662,0.242908
5320,740.49,0.2658,0.242742
5329,741.27,0.2654,0.242597
5339,742.05,0.2652,0.242441
5348,742.84,0.2649,0.242304
5358,743.62,0.2647,0.242155
5367,744.41,0.2646,0.242025
5377,745.18,0.2645,0.241885
5386,745.97,0.2641,0.241762
5396,746.74,0.2638,0.241629
5405,747.51,0.2637,0.241512
5415,748.28,0.2635,0.241387
5424,749.07,0.2632,0.241276
5434,749.85,0.263,0.241157
5443,750.63,0.2626,0.241053
5453,751.41,0.2624,0.24094
5462,752.19,0.2623,0.240841
5472,752.97,0.2621,0.240734
5481,753.73,0.262,0.24064
5491,754.51,0.2618,0.240539
5500,755.29,0.2615,0.24045
5510,756.08,0.2614,0.240354
5519,756.86,0.2611,0.24027
5529,757.65,0.2611,0.240179
5538,758.42,0.2607,0.2401
5548,759.21,0.2605,0.240014
5557,759.98,0.2603,0.239938
5567,760.77,0.2601,0.239856
5576,761.54,0.2599,0.239785
5586,762.33,0.2596,0.239708
5595,763.1,0.2593,0.23964
5605,763.89,0.2591,0.239567
5614,764.67,0.2589,0.239502
5624,765.45,0.2587,0.239433
5633,766.23,0.2584,0.239372
5643,767.02,0.2582,0.239306
5652,767.79,0.2581,0.239248
5662,768.56,0.2579,0.239186
5671,769.35,0.2576,0.239131
5681,770.13,0.2573,0.239072
5690,770.92,0.257,0.23902
5700,771.7,0.2569,0.238964
5709,772.48,0.2568,0.238915
5719,773.26,0.2566,0.238861
5728,774.04,0.2566,0.238815
5738,774.83,0.2564,0.238764
5747,775.61,0.2561,0.23872
5757,776.4,0.256,0.238672
5766,777.17,0.2559,0.23863
5776,777.97,0.2556,0.238584
5785,778.76,0.2555,0.238545
5795,779.55,0.2553,0.238501
5804,780.34,0.2551,0.238464
5814,781.13,0.255,0.238423
5823,781.91,0.2546,0.238387
5833,782.69,0.2545,0.238348
5842,783.46,0.2542,0.238314
5852,784.24,0.2542,0.238277
5861,785.02,0.254,0.238244
5871,785.8,0.2539,0.238209
5880,786.57,0.2536,0.238179
5890,787.33,0.2535,0.238145
5899,788.11,0.2534,0.238116
5909,788.88,0.2533,0.238085
5918,789.65,0.2532,0.238057
5928,790.41,0.2531,0.238027
5937,791.18,0.2529,0.238
5947,791.96,0.2528,0.237972
5956,792.73,0.2526,0.237947
5966,793.51,0.2525,0.23792
5975,794.28,0.2525,0.237896
5985,795.06,0.2523,0.23787
5994,795.84,0.2521,0.237848
6004,796.63,0.2522,0.237823
6013,797.4,0.252,0.237802
6023,798.19,0.2519,0.237779
6032,798.97,0.2516,0.237758
6042,799.76,0.2516,0.237736
6051,800.53,0.2514,0.237717
6061,801.31,0.2512,0.237696
6070,802.09,0.2511,0.237677
6080,802.87,0.2509,0.237657
6089,803.64,0.2509,0.23764
6099,804.42,0.2507,0.237621
6108,805.2,0.2504,0.237604
6118,805.97,0.2503,0.237586
6127,806.75,0.2502,0.23757
6137,807.53,0.25,0.237553
6146,808.3,0.2498,0.237538
6156,809.08,0.2496,0.237521
6165,809.84,0.2495,0.237507
6175,810.61,0.2492,0.237491
6184,811.38,0.2492,0.237478
6194,812.16,0.249,0.237463
6203,812.91,0.249,0.23745
6213,813.69,0.2489,0.237436
6222,814.45,0.2488,0.237423
6232,815.21,0.2483,0.23741
6241,815.96,0.248,0.237398
6251,816.73,0.2481,0.237385
6260,817.49,0.2478,0.237374
6270,818.26,0.2476,0.237362
6279,819,0.2476,0.237351
6289,819.77,0.2476,0.23734
6298,820.54,0.2474,0.237329
6308,821.3,0.2471,0.237318
6317,822.07,0.2469,0.237309
6327,822.84,0.2468,0.237298
6336,823.61,0.2467,0.237289
6346,824.38,0.2465,0.237279
6355,825.15,0.2464,0.23727
6365,825.94,0.2463,0.23726
6374,826.71,0.2461,0.237252
6384,827.5,0.2461,0.237243
6393,828.28,0.2459,0.237235
6403,829.06,0.2457,0.237226
6412,829.83,0.2454,0.237219
6422,830.61,0.2454,0.23721
6431,831.39,0.2453,0.237203
6441,832.17,0.2451,0.237195
6450,832.93,0.2448,0.237188
6460,833.71,0.2447,0.237181
6469,834.49,0.2446,0.237174
6479,835.27,0.2445,0.237167
6488,836.04,0.2444,0.237161
6498,836.83,0.2441,0.237154
6507,837.6,0.244,0.237148
6517,838.38,0.244,0.237141
6526,839.16,0.2438,0.237135
6536,839.94,0.2436,0.237129
6545,840.72,0.2435,0.237124
6555,841.5,0.2435,0.237118
6564,842.27,0.2433,0.237112
6574,843.05,0.2432,0.237107
6583,843.81,0.2428,0.237102
6593,844.58,0.2427,0.237096
6602,845.36,0.2425,0.237092
6612,846.14,0.2423,0.237086
6621,846.9,0.2422,0.237082
6631,847.67,0.2421,0.237077
6640,848.45,0.242,0.237072
6650,849.22,0.242,0.237068
6659,849.99,0.2419,0.237064
6669,850.76,0.2418,0.237059
6678,851.54,0.2418,0.237055
6688,852.32,0.2415,0.237051
6697,853.1,0.2413,0.237047
6707,853.87,0.2412,0.237043
6716,854.63,0.2411,0.237039
6726,855.41,0.2409,0.237035
6735,856.19,0.2409,0.237032
6745,856.97,0.2408,0.237028
6754,857.74,0.2407,0.237025
6764,858.52,0.2405,0.237021
6773,859.29,0.2404,0.237018
6783,860.06,0.2402,0.237015
6792,860.83,0.24,0.237012
6802,861.61,0.2399,0.237008
6811,862.38,0.2398,0.237005
6821,863.15,0.2395,0.237002
6830,863.94,0.2395,0.236999
6840,864.7,0.2393,0.236996
6849,865.47,0.2392,0.236994
6859,866.24,0.2391,0.236991
6868,867.02,0.2391,0.236988
6878,867.79,0.2388,0.236986
6887,868.57,0.2385,0.236983
6897,869.34,0.2384,0.236981
6906,870.11,0.2384,0.236978
6916,870.88,0.2383,0.236976
6925,871.66,0.2381,0.236974
6935,872.43,0.2379,0.236971
6944,873.21,0.2377,0.236969
6954,873.99,0.2376,0.236967
6963,874.77,0.2375,0.236965
6973,875.55,0.2373,0.236962
6982,876.34,0.2372,0.236961
6992,877.13,0.2371,0.236958
7001,877.93,0.2367,0.236957
7011,878.72,0.2364,0.236955
7020,879.51,0.2363,0.236953
7030,880.28,0.2366,0.236951
7039,881.08,0.2361,0.236949
7049,881.86,0.2357,0.236947
7058,882.64,0.2356,0.236946
7068,883.42,0.2355,0.236944
7077,884.21,0.2354,0.236942
7087,884.98,0.2351,0.236941
7096,885.76,0.2348,0.236939
7106,886.54,0.2346,0.236937
7115,887.31,0.2345,0.236936
7125,888.09,0.2345,0.236934
7134,888.85,0.2342,0.236933
7144,889.63,0.234,0.236932
7153,890.41,0.2339,0.23693
7163,891.18,0.2338,0.236929
7172,891.95,0.2337,0.236927
7182,892.72,0.2333,0.236926
7191,893.49,0.2331,0.236925
7201,894.26,0.233,0.236924
7210,895.03,0.2328,0.236922
7220,895.8,0.2327,0.236921
7229,896.58,0.2325,0.23692
7239,897.34,0.2326,0.236919
7248,898.11,0.2322,0.236918
7258,898.88,0.232,0.236917
7267,899.66,0.2319,0.236916
7277,900.42,0.2318,0.236914
7286,901.19,0.2316,0.236913
7296,901.96,0.2315,0.236912
7305,902.74,0.2314,0.236911
7315,903.5,0.2313,0.23691
7324,904.28,0.2312,0.236909
7334,905.06,0.231,0.236908
7343,905.83,0.2308,0.236908
7353,906.61,0.2307,0.236907
7362,907.39,0.2296,0.236906
7372,908.17,0.2297,0.236905
7381,908.94,0.2302,0.236904
7391,909.72,0.2303,0.236903
7400,910.49,0.2301,0.236902
7410,911.25,0.23,0.236902
7419,912.03,0.23,0.236901
7429,912.8,0.2298,0.2369
7438,913.57,0.2296,0.236899
7448,914.33,0.2296,0.236899
7457,915.1,0.2295,0.236898
7467,915.87,0.2293,0.236897
7476,916.64,0.2293,0.236896
7486,917.4,0.2292,0.236896
7495,918.16,0.2293,0.236895
7505,918.94,0.2291,0.236894
7514,919.7,0.2291,0.236894
7524,920.48,0.2287,0.236893
7533,921.25,0.2287,0.236893
7543,922.02,0.2286,0.236892
7552,922.8,0.2286,0.236891
7562,923.56,0.2285,0.236891
7571,924.34,0.2284,0.23689
7581,925.1,0.2284,0.23689
7590,925.86,0.2284,0.236889
7600,926.63,0.2283,0.236889
7609,927.39,0.2282,0.236888
7619,928.15,0.2279,0.236888
7628,928.93,0.2278,0.236887
7638,929.71,0.2278,0.236887
7647,930.47,0.2279,0.236886
7657,931.24,0.2279,0.236886
7666,932.01,0.2275,0.236885
7676,932.78,0.2273,0.236885
7685,933.55,0.2273,0.236884
7695,934.33,0.2271,0.236884
7704,935.09,0.2271,0.236883
7714,935.86,0.2269,0.236883
7723,936.63,0.2268,0.236883
7733,937.4,0.2268,0.236882
7742,938.17,0.2267,0.236882
7752,938.94,0.2266,0.236881
7761,939.71,0.2266,0.236881
7771,940.48,0.2266,0.236881
7780,941.25,0.2265,0.23688
7790,942.02,0.2264,0.23688
7799,942.79,0.2263,0.236879
7809,943.56,0.2264,0.236879
7818,944.33,0.2263,0.236879
7828,945.1,0.2263,0.236878
7837,945.87,0.2262,0.236878
7847,946.64,0.226,0.236878
7856,947.41,0.226,0.236877
7866,948.18,0.2258,0.236877
7875,948.96,0.2257,0.236877
7885,949.72,0.2256,0.236877
7894,950.48,0.2255,0.236876
7904,951.24,0.2253,0.236876
7913,951.99,0.2254,0.236876
7923,952.73,0.2253,0.236875
7932,953.49,0.2252,0.236875
7942,954.26,0.2251,0.236875
7951,955.02,0.2251,0.236875
7961,955.8,0.225,0.236874
7970,956.58,0.2249,0.236874
7980,957.36,0.2249,0.236874
7989,958.13,0.2246,0.236874
7999,958.92,0.2248,0.236873
8008,959.7,0.2246,0.236873
8018,960.47,0.2244,0.236873
8027,961.25,0.2245,0.236873
8037,962.03,0.2245,0.236872
8046,962.81,0.2244,0.236872
8056,963.58,0.2245,0.236872
8065,964.35,0.2244,0.236872
8075,965.13,0.2243,0.236872
8084,965.9,0.224,0.236871
8094,966.68,0.2239,0.236871
8103,967.45,0.2239,0.236871
8113,968.21,0.2239,0.236871
8122,968.99,0.224,0.236871
8132,969.76,0.2238,0.23687
8141,970.54,0.2238,0.23687
8151,971.31,0.2238,0.23687
8160,972.08,0.2236,0.23687
8170,972.84,0.2233,0.23687
8179,973.61,0.2233,0.23687
8189,974.39,0.2232,0.236869
8198,975.16,0.2233,0.236869
8208,975.93,0.2232,0.236869
8217,976.71,0.2231,0.236869
8227,977.48,0.2231,0.236869
8236,978.25,0.2229,0.236869
8246,979.02,0.2229,0.236868
8255,979.8,0.223,0.236868
8265,980.57,0.2228,0.236868
8274,981.33,0.2226,0.236868
8284,982.1,0.2225,0.236868
8293,982.88,0.2224,0.236868
8303,983.64,0.2223,0.236868
8312,984.4,0.2224,0.236867
8322,985.18,0.2224,0.236867
8331,985.96,0.2223,0.236867
8341,986.73,0.2221,0.236867
8350,987.5,0.222,0.236867
8360,988.27,0.2219,0.236867
8369,989.05,0.222,0.236867
8379,989.82,0.2219,0.236867
8388,990.58,0.2217,0.236866
8398,991.35,0.2216,0.236866
8407,992.13,0.2216,0.236866
8417,992.9,0.2216,0.236866
8426,993.67,0.2215,0.236866
8436,994.41,0.2213,0.236866
8445,995.17,0.2213,0.236866
8455,995.91,0.2212,0.236866
8464,996.65,0.2213,0.236866
8474,997.38,0.2211,0.236866
8483,998.13,0.2211,0.236865
8493,998.88,0.221,0.236865
8502,999.61,0.2211,0.236865
8512,1000.36,0.2209,0.236865
8521,1001.13,0.221,0.236865
8531,1001.89,0.2208,0.236865
8540,1002.66,0.2207,0.236865
8550,1003.45,0.2207,0.236865
8559,1004.23,0.2206,0.236865
8569,1005.01,0.2205,0.236865
8578,1005.78,0.2206,0.236865
8588,1006.56,0.2205,0.236864
8597,1007.32,0.2204,0.236864
8607,1008.09,0.2204,0.236864
8616,1008.86,0.2203,0.236864
8626,1009.62,0.2202,0.236864
8635,1010.38,0.2202,0.236864
8645,1011.16,0.22,0.236864
8654,1011.95,0.2199,0.236864
8664,1012.75,0.2198,0.236864
8673,1013.57,0.2199,0.236864
8683,1014.38,0.2199,0.236864
8692,1015.19,0.2199,0.236864
8702,1015.99,0.2198,0.236864
8711,1016.8,0.2199,0.236864
8721,1017.6,0.2197,0.236863
8730,1018.4,0.2196,0.236863
8740,1019.2,0.2196,0.236863
8749,1019.99,0.2193,0.236863
8759,1020.78,0.2193,0.236863
8768,1021.56,0.2192,0.236863
8778,1022.34,0.2192,0.236863
8787,1023.12,0.2191,0.236863
8797,1023.89,0.2193,0.236863
8806,1024.67,0.2192,0.236863
8816,1025.44,0.2191,0.236863
8825,1026.21,0.219,0.236863
8835,1026.99,0.219,0.236863
8844,1027.75,0.2189,0.236863
8854,1028.52,0.219,0.236863
8863,1029.29,0.2189,0.236863
8873,1030.06,0.2187,0.236863
8882,1030.84,0.2187,0.236863
8892,1031.61,0.2186,0.236862
8901,1032.37,0.2185,0.236862
8911,1033.14,0.2184,0.236862
8920,1033.91,0.2182,0.236862
8930,1034.68,0.2182,0.236862
8939,1035.46,0.2182,0.236862
8949,1036.23,0.2181,0.236862
8958,1037.01,0.2182,0.236862
8968,1037.77,0.2182,0.236862
8977,1038.55,0.2181,0.236862
8987,1039.32,0.2181,0.236862
8996,1040.1,0.2179,0.236862
9006,1040.87,0.2178,0.236862
9015,1041.65,0.2179,0.236862
9025,1042.42,0.218,0.236862
9034,1043.19,0.2179,0.236862
9044,1043.97,0.2179,0.236862
9053,1044.75,0.2179,0.236862
9063,1045.52,0.2177,0.236862
9072,1046.31,0.2176,0.236862
9082,1047.09,0.2176,0.236862
9091,1047.87,0.2175,0.236862
9101,1048.66,0.2174,0.236862
9110,1049.44,0.2173,0.236862
9120,1050.21,0.2172,0.236862
9129,1051,0.2172,0.236862
9139,1051.79,0.2172,0.236862
9148,1052.57,0.2172,0.236861
9158,1053.35,0.2172,0.236861
9167,1054.1,0.2171,0.236861
9177,1054.86,0.2171,0.236861
9186,1055.62,0.2169,0.236861
9196,1056.36,0.2169,0.236861
9205,1057.12,0.2169,0.236861
9215,1057.88,0.2168,0.236861
9224,1058.64,0.2167,0.236861
9234,1059.41,0.2167,0.236861
9243,1060.2,0.2167,0.236861
9253,1060.98,0.2167,0.236861
9262,1061.77,0.2167,0.236861
9272,1062.56,0.2166,0.236861
9281,1063.35,0.2166,0.236861
9291,1064.13,0.2167,0.236861
9300,1064.92,0.2166,0.236861
9310,1065.7,0.2166,0.236861
9319,1066.49,0.2165,0.236861
9329,1067.26,0.2164,0.236861
